# timecode format v2
0
33
66
100
133
166
200
233
266
300
333
366
400
433
466
500
533
566
600
633
700
733
766
800
833
900
933
966
1000
1033
1066
1100
1133
1166
1200
1233
1266
1300
1333
1366
1400
1433
1466
1500
1533
1566
1600
1633
1666
1700
1733
1766
1800
1833
1866
1900
1933
1966
2000
2033
2066
2100
2133
2166
2200
2233
2266
2300
2333
2366
2400
2466
2500
2533
2566
2600
2633
2666
2700
2733
2800
2833
2866
2900
2933
2966
3000
3033
3066
3100
3133
3166
3200
3233
3300
3333
3366
3400
3433
3466
3500
3533
3600
3633
3666
3700
3733
3766
3800
3833
3866
3900
3933
3966
4033
4066
4100
4133
4166
4200
4233
4266
4300
4333
4366
4400
4433
4466
4500
4566
4600
4633
4666
4700
4733
4766
4800
4833
4866
4900
4933
4966
5000
5033
5066
5100
5133
5166
5200
5233
5266
5300
5333
5366
5400
5433
5466
5500
5533
5566
5600
5633
5666
5700
5733
5766
5800
5833
5866
5900
5933
5966
6000
6033
6066
6133
6166
6200
6266
6300
6333
6366
6400
6433
6466
6500
6533
6566
6600
6633
6666
6700
6733
6766
6800
6833
6866
6900
6933
6966
7000
7033
7066
7133
7166
7200
7233
7266
7300
7333
7366
7400
7433
7466
7500
7533
7600
7633
7666
7733
7766
7800
7833
7866
7900
7933
7966
8000
8066
8100
8133
8166
8200
8233
8266
8300
8333
8366
8400
8433
8466
8500
8566
8600
8633
8666
8700
8733
8766
8800
8833
8866
8900
8933
8966
9000
9066
9100
9133
9166
9200
9233
9266
9300
9333
9366
9400
9433
9466
9500
9533
9566
9600
9633
9666
9700
9733
9766
9833
9866
9900
9933
10000
10033
10066
10100
10133
10166
10200
10233
10266
10333
10366
10400
10466
10500
10533
10566
10633
10666
10700
10733
10800
10833
10866
10933
10966
11000
11033
11100
11133
11166
11200
11266
11300
11333
11366
11433
11466
